#include <stdint.h>

// Tamanho da tabela (para 360 graus)
#define TABLE_SIZE 360

// Tabela de seno pré-calculada escalonada por 1000
// Valores calculados com precisão e escalonados por 1000
const int16_t sineTable[TABLE_SIZE] = {
    0,  17,  34,  50,  67,  84,  100,  117,  133,  150,  166,  183,  199,  216,  232,  249,
    265,  282,  298,  315,  331,  347,  363,  378,  394,  409,  424,  439,  453,  468,  483,
    498,  513,  527,  542,  556,  570,  585,  599,  613,  627,  641,  655,  669,  683,  697,
    711,  724,  738,  752,  766,  779,  793,  806,  820,  833,  846,  860,  873,  886,  899,
    912,  925,  938,  951,  964,  976,  989,  1001,  1013,  1025,  1037,  1049,  1060,  1071,
    1082,  1093,  1103,  1113,  1123,  1132,  1141,  1150,  1158,  1166,  1173,  1180,  1187,
    1193,  1199,  1204,  1208,  1212,  1216,  1219,  1221,  1223,  1224,  1224,  1224,  1223,
    1221,  1218,  1215,  1210,  1204,  1198,  1191,  1183,  1175,  1166,  1156,  1146,  1135,
    1123,  1111,  1098,  1084,  1070,  1055,  1040,  1024,  1008,  992,  975,  957,  940,  922,
    904,  885,  867,  848,  829,  810,  791,  772,  752,  733,  713,  693,  673,  652,  632,
    611,  591,  570,  549,  528,  507,  486,  465,  445,  425,  406,  387,  368,  350,  332,
    315,  298,  282,  266,  251,  237,  223,  210,  197,  185,  173,  162,  151,  141,  132,
    123,  115,  107,  100,  93,  87,  81,  75,  71,  66,  62,  58,  54,  51,  48,  45,  43,
    42,  42,  43,  45,  48,  51,  55,  60,  66,  72,  79,  87,  96,  105,  115,  126,  137,
    149,  162,  176,  191,  206,  222,  239,  257,  276,  297,  319,  343,  368,  395,  423,
    453,  484,  517,  552,  588,  626,  666,  708,  752,  797,  844,  892,  942,  993,  1045,
    1098,  1152,  1207,  1263,  1319,  1376,  1434,  1492,  1550,  1609,  1668,  1727,  1786,
    1845,  1904,  1963,  2022,  2080,  2138,  2195,  2251,  2307,  2362,  2417,  2471,  2524
};

int16_t integerSine(uint16_t angle_p)
int16_t integerCosine(uint16_t angle_p)
int16_t integerTangent(uint16_t angle_p)
uint16_t integerArcSine(int16_t value_p)
uint16_t integerArcCosine(int16_t value_p)
uint16_t integerArcTangent(int16_t value_p)
